10.000000 22000
8.800000 23000
7.600000 24000
6.400000 25000
5.200000 26000
4.000000 27000
2.800000 28000
1.600000 29000
0.400000 30000
1.000000 31000
1.000000 32000
1.000000 33000
1.000000 34000
1.000000 35000
1.000000 36000
1.000000 37000
1.000000 38000
1.000000 39000
1.000000 40000
1.000000 41000
1.000000 42000
1.000000 43000
1.000000 44000
1.000000 45000
1.000000 46000
1.000000 47000
1.000000 48000
1.000000 49000
1.000000 50000
1.000000 51000
1.000000 52000
1.000000 53000
1.000000 54000
1.000000 55000
1.000000 56000
1.000000 57000
1.000000 58000
1.000000 59000
1.000000 60000
1.000000 61000
1.000000 62000
1.000000 63000
1.000000 64000
1.000000 65000
1.000000 66000
1.000000 67000
1.000000 68000
1.000000 69000
1.000000 70000
1.000000 71000
1.000000 72000
1.000000 73000
1.000000 74000
1.000000 75000
1.000000 76000
1.000000 77000
1.000000 78000
1.000000 79000
1.000000 80000
1.000000 81000
1.000000 82000
1.000000 83000
1.000000 84000
1.000000 85000
1.000000 86000
1.000000 87000
1.000000 88000
1.000000 89000
1.000000 90000
1.000000 91000
1.000000 92000
0.200000 93000
